# DESCRIPTION: Verilator output: Timestamp data for --skip-identical.  Delete at will.
C "-Wall --trace --public --x-assign unique --x-initial unique -cc top.v --exe tb_top.cpp"
S  26368366 1688849861856982  1709029003   544625600  1709029003   544126400 "/usr/local/bin/verilator_bin"
S      4942 5629499535806139  1709029009    57626800  1709029009    57124900 "/usr/local/share/verilator/include/verilated_std.sv"
S      2564 1970324837407469  1714416428   100006100  1714314446   435090900 "ALU.v"
S      2600 16607023626364057  1714412822   650346000  1714412822   650346000 "ALUControlUnit.v"
S       159 12384898975700746  1714416405   903971500  1714416196   322135500 "Adder.v"
S       908 33214047252292858  1715631090   512255000  1715631090   512255000 "BHSR.v"
S      1017 23925373020842141  1715631012   629270400  1715631012   629270400 "BTB.v"
S       263 20547673300314619  1716285774   601984000  1715679643           0 "CLOG2.v"
S      8154 25332747904395482  1716835139   801099500  1716835139   801099500 "Cache.v"
S       548 11540474045573893  1716712685   574845600  1716712685   574845600 "Constants.v"
S      1827 13510798882281055  1715616999   357398100  1715616999   357398100 "ControlUnit.v"
S      2431 22799473113796874  1716285774   607304800  1715408770           0 "DataMemory.v"
S       504 21673573206960740  1714473240   464658100  1714473240   464658100 "ForwardingEcallUnit.v"
S      1367 16044073672749556  1714425978   929886700  1714425978   929886700 "ForwardingUnit.v"
S       715 6473924464588103  1714426078   945574500  1714426078   945574500 "HazardDetectionUnit.v"
S      1207 7599824371530771  1715628067   946502700  1715628067   946502700 "ImmediateGenerator.v"
S      1072 11540474045494915  1716835476    90153900  1716835476    90153900 "InstMemory.v"
S       243 27303072741310346  1714314446   430579500  1714314446   430579500 "Mux2to1.v"
S       453 21673573207101376  1714411864    15939600  1714314446   430579500 "Mux4to1.v"
S       385 3940649674337131  1716736058   444362400  1716736058   444362400 "PC.v"
S      4590 15481123719475004  1715631064    64922900  1715631064    64922900 "PredictionUnit.v"
S      1134 31806672368697786  1716285774   609642800  1715408891           0 "RegisterFile.v"
S      1203 10696049115398796  1715630968   245036800  1715630968   245036800 "TagTable.v"
S      2102 11540474045554991  1715630991   572893100  1715630991   572893100 "TwoBitPredictor.v"
S     16647 223772606485151869  1716834585   685117900  1716834585   685117900 "cpu.v"
T      4881 3659174697941004  1716835528   366586800  1716835528   366586800 "obj_dir/Vtop.cpp"
T      3366 3659174697941003  1716835528   366586800  1716835528   366586800 "obj_dir/Vtop.h"
T      1818 3659174697941041  1716835528   412265100  1716835528   412265100 "obj_dir/Vtop.mk"
T     40527 3659174697941002  1716835528   366586800  1716835528   366586800 "obj_dir/Vtop__ConstPool_0.cpp"
T       800 4222124651356980  1716835528   366586800  1716835528   366586800 "obj_dir/Vtop__Syms.cpp"
T      1092 3940649674646328  1716835528   366586800  1716835528   366586800 "obj_dir/Vtop__Syms.h"
T       290 3096224744519709  1716835528   395497600  1716835528   395497600 "obj_dir/Vtop__TraceDecls__0__Slow.cpp"
T     54114 4503599628072991  1716835528   395497600  1716835528   395497600 "obj_dir/Vtop__Trace__0.cpp"
T    115794 3377699721230363  1716835528   395497600  1716835528   395497600 "obj_dir/Vtop__Trace__0__Slow.cpp"
T     25481 4222124651362325  1716835528   383019800  1716835528   383019800 "obj_dir/Vtop___024root.h"
T      1887 5910974511626265  1716835528   387764800  1716835528   387764800 "obj_dir/Vtop___024root__DepSet_h84412442__0.cpp"
T       845 3940649674651671  1716835528   383019800  1716835528   383019800 "obj_dir/Vtop___024root__DepSet_h84412442__0__Slow.cpp"
T    157744 4222124651362330  1716835528   395497600  1716835528   395497600 "obj_dir/Vtop___024root__DepSet_heccd7ead__0.cpp"
T    119240 3940649674651672  1716835528   387764800  1716835528   387764800 "obj_dir/Vtop___024root__DepSet_heccd7ead__0__Slow.cpp"
T      1286 4222124651362326  1716835528   383019800  1716835528   383019800 "obj_dir/Vtop___024root__Slow.cpp"
T       684 4503599628072980  1716835528   366586800  1716835528   366586800 "obj_dir/Vtop__pch.h"
T       962 5910974511626292  1716835528   412265100  1716835528   412265100 "obj_dir/Vtop__ver.d"
T         0        0  1716835528   412265100  1716835528   412265100 "obj_dir/Vtop__verFiles.dat"
T      1732 3940649674651691  1716835528   395497600  1716835528   395497600 "obj_dir/Vtop_classes.mk"
S      1071 36591746972766512  1715630527   264364600  1715630527   264364600 "opcodes.v"
S       398 10414574138695515  1716834585   687111900  1716834585   687111900 "top.v"
